A9=100, M3=13, DSP=15 Time<total,runtime, a9-sync,a9,m3,dsp> = <11.975586,10.726318,10.725953,0.000000,10.668335,10.706604>
A9=100, M3=14, DSP=14 Time<total,runtime, a9-sync,a9,m3,dsp> = <12.020722,10.735901,10.735473,0.000000,10.673188,10.705902>
A9=99, M3=14, DSP=15 Time<total,runtime, a9-sync,a9,m3,dsp> = <11.985626,10.772155,10.768769,0.000000,10.712860,10.771667>
A9=101, M3=13, DSP=14 Time<total,runtime, a9-sync,a9,m3,dsp> = <12.027191,10.779266,10.778870,0.000000,10.710602,10.743286>
